     NODES                                                                      
                                                                                
      NODE     1   0.0000    0.0000    0.0000                                   
     GNODE    25   9.1400    0.0000    0.0000   1                               
    REPEAT    25   0.0000    0.3808    0.0000  24                               
                                                                                
      NODE   626   0.0000    0.1904    0.0000                                   
     GNODE   649   0.0000    8.9496    0.0000   1                               
    REPEAT    24   3.0467    0.0000    0.0000   3                               
                                                                                
      NODE   722   0.1904    0.0000    0.0000                                   
     GNODE   745   8.9496    0.0000    0.0000   1                               
    REPEAT    24   0.0000    9.1400    0.0000   1                               
                                                                                
      NODE   770   0.0000    0.0000    1.0000                                   
      NODE   771   3.0467    0.0000    1.0000                                   
      NODE   772   6.0933    0.0000    1.0000                                   
      NODE   773   9.1400    0.0000    1.0000                                   
      NODE   774   0.0000    9.1400    1.0000                                   
                                                                                
